0.635529 -0.530853 -0.583191 -0.10437 0.0822144 -1.04895 -0.0106201 -0.0828857 -0.261475
1.19629 -0.957031 -0.5159 -0.0963135 0.0789185 -1.06281 -0.00714111 -0.085022 -0.258301
1.40564 -0.964508 -0.957031 -0.0895996 0.0793457 -1.0614 0.00262451 -0.0857544 -0.288025
2.75894 -0.770111 -1.03928 -0.0904541 0.0817261 -1.05121 -0.00921631 -0.0819092 -0.270813
3.43933 -1.34583 -1.51031 -0.104858 0.0753174 -1.07422 0.000793457 -0.0847168 -0.283203
2.54211 0.112152 -1.62247 -0.125854 0.0688477 -1.11493 -0.0239258 -0.0742188 -0.267517
0.463562 0.261688 -1.05423 -0.112061 0.0690918 -1.10577 -0.00311279 -0.0811768 -0.276733
-0.650482 0.157013 -0.687866 -0.103699 0.0751953 -1.08881 -0.0158081 -0.076416 -0.258972
-0.5159 -0.590668 -0.732727 -0.105774 0.0789185 -1.08972 -0.00665283 -0.0812988 -0.261353
-0.897217 -0.5159 -0.613098 -0.111511 0.0760498 -1.08417 -0.00427246 -0.0774536 -0.260681
-1.42059 -0.381317 -0.18692 -0.114502 0.072937 -1.09296 -0.0105591 -0.0800781 -0.241882
-3.27484 0.770111 -0.0747681 -0.118835 0.0742798 -1.10449 -0.00738525 -0.0800781 -0.248535
-4.31412 1.08414 0.358887 -0.110718 0.0773315 -1.08667 -0.00604248 -0.0855103 -0.249451
-4.13467 0.194397 0.231781 -0.085083 0.0840454 -1.03748 -0.0170898 -0.078064 -0.245972
-1.90659 -1.18134 -0.0897217 -0.076416 0.0914917 -1.00165 -0.0159302 -0.0802612 -0.244446
0.418701 -2.34772 -0.957031 -0.0975952 0.0924683 -1.05328 -0.0153809 -0.0789185 -0.25824
0.0747681 -0.530853 -0.785065 -0.1203 0.083374 -1.07245 -0.020874 -0.0784302 -0.25116
-0.643005 -0.224304 -0.403748 -0.104553 0.078186 -1.09106 -0.0241699 -0.0800171 -0.249878
-0.411224 -0.291595 -0.224304 -0.0921631 0.0819702 -1.07831 -0.0144043 -0.0794678 -0.235229
-0.037384 -1.71967 -1.20377 -0.0974121 0.0849609 -1.06995 -0.0065918 -0.0806274 -0.244812
0.35141 -1.93649 -1.42059 -0.10553 0.0805664 -1.06586 -0.0143433 -0.0758057 -0.242798
0.628052 -1.99631 -1.59256 -0.100281 0.0740356 -1.05853 -0.0234985 -0.0762329 -0.255066
1.28601 -1.93649 -1.71219 -0.0933228 0.0679932 -1.06866 -0.0227661 -0.074707 -0.259033
1.24115 -1.72714 -2.17575 -0.0986938 0.0665283 -1.0874 -0.000976562 -0.069519 -0.224426
0.72525 -0.957031 -2.64679 -0.0973511 0.0641479 -1.10162 -0.0149536 -0.0645752 -0.225098
-0.628052 -0.837402 -3.29727 -0.102539 0.0689087 -1.11542 0.00341797 -0.0620117 -0.234131
-0.785065 -1.13647 -3.25241 -0.109497 0.0736694 -1.10718 -0.003479 -0.0686035 -0.230225
-1.24115 -3.31223 -3.76831 -0.143616 0.0759277 -1.09344 -0.00756836 -0.0797729 -0.256165
-1.62994 -3.6113 -3.21503 -0.150391 0.0702515 -1.09106 -0.00531006 -0.0722046 -0.218628
-2.48978 -4.65805 -1.90659 -0.156128 0.0744019 -1.06732 -0.00775146 -0.0734863 -0.234497
-1.97388 -5.42816 -0.687866 -0.128174 0.0769043 -1.06396 -0.00317383 -0.0668335 -0.236816
0.00747681 -6.90109 -0.37384 -0.133789 0.0855713 -1.06793 -0.00268555 -0.0623169 -0.241821
1.39069 -6.05621 0.687866 -0.148071 0.0900879 -1.04767 -0.0155029 -0.0796509 -0.254578
2.1907 -4.2543 1.70471 -0.144348 0.0739746 -1.08521 -0.0100708 -0.0786743 -0.250183
1.21872 -3.28232 2.75146 -0.13385 0.0730591 -1.03229 0.000244141 -0.0695801 -0.24231
1.08414 -1.85425 3.38699 -0.0639648 0.0894165 -0.845642 -0.00244141 -0.06427 -0.244995
10.0189 -6.71417 1.30096 -0.00341797 0.0883179 -0.830566 -0.00939941 -0.055603 -0.235291
17.8696 -7.61139 -3.14774 -0.067688 0.0587769 -1.00903 -0.0234375 -0.0697632 -0.225159
16.6957 0.598145 -5.09918 -0.130615 0.0528564 -1.00867 -0.015564 -0.0584717 -0.194519
17.8023 3.55148 -4.72534 -0.190857 0.0482178 -1.21643 0.00506592 -0.0631104 -0.237366
10.8414 3.75336 -2.08603 -0.258911 0.0523682 -1.23523 -0.00561523 -0.0609741 -0.226074
4.72534 1.23367 1.60751 -0.282776 0.0474243 -1.19598 -0.00311279 -0.0657959 -0.219971
0.672913 -2.86362 4.34402 -0.209839 0.0411987 -1.14313 0.00134277 -0.0696411 -0.233032
-1.57013 -3.47672 5.00198 -0.0906372 0.029541 -1.01508 -0.024231 -0.0598755 -0.209839
-0.874786 -0.5159 4.26926 -0.0429688 0.0130005 -0.961487 -0.00408936 -0.0640259 -0.22821
1.32339 4.88235 1.99631 -0.0120239 0.039978 -0.952576 -0.012085 -0.0675049 -0.229248
7.30484 8.45627 -1.00189 -0.0591431 0.0211792 -1.02704 -0.000366211 -0.0663452 -0.236755
7.63382 10.2283 -1.02432 -0.081604 -0.0215454 -1.07794 0.000854492 -0.0605469 -0.243591
8.98712 12.0152 -1.2561 -0.0565796 -0.0179443 -1.10291 -0.00994873 -0.0582886 -0.223328
9.06189 11.0283 -3.39447 -0.0684204 0.00476074 -1.11273 -0.010498 -0.0630493 -0.221985
8.64319 8.88992 -5.12909 -0.101379 -0.00164795 -1.13965 -0.0186768 -0.0531006 -0.216064
7.59644 7.77588 -5.42068 -0.0894165 -0.0170288 -1.1543 -0.0228271 -0.0455933 -0.234924
4.08234 5.83191 -5.75714 -0.0615234 -0.022522 -1.1441 -0.0253906 -0.0531006 -0.203491
0.86731 3.58887 -7.48428 -0.0828857 -0.0634155 -1.20245 -0.0131836 -0.0662231 -0.243042
-4.74777 1.49536 -7.59644 -0.0708008 0.0443726 -1.23285 -0.0192261 -0.0664062 -0.234741
-10.2582 0.239258 -7.85812 -0.139221 0.0568237 -1.17224 -0.00488281 -0.0545654 -0.220276
-11.8134 -3.77579 -5.62256 -0.139709 0.0388794 -1.08557 -0.0233765 -0.0588989 -0.223022
-10.4002 -6.84875 -3.5141 -0.126221 0.0171509 -1.04346 -0.0188599 -0.0636597 -0.200989
-8.86749 -6.85623 -1.70471 -0.136292 0.013916 -1.00311 -0.000183105 -0.0552368 -0.235779
-6.04126 -5.1889 0.0299072 -0.135376 0.0215454 -0.97821 -0.0151978 -0.0634766 -0.209717
-4.55338 -4.00757 0.807495 -0.134155 0.0346069 -0.986572 -0.00390625 -0.0631104 -0.25061
-1.33087 -2.73651 1.20377 -0.123962 0.0464478 -1.01282 -0.00158691 -0.0593262 -0.245911
1.46545 -1.11404 1.129 -0.11731 0.0404053 -1.04816 -0.0175781 -0.0546265 -0.241882
2.258 0.964508 -0.284119 -0.0962524 0.0402832 -1.04553 0.00506592 -0.06427 -0.232117
3.03558 1.7421 -1.62247 -0.0966797 0.0435181 -1.06335 -0.0181885 -0.0540771 -0.22937
3.52905 2.60941 -2.75894 -0.105469 0.0441895 -1.06659 -0.0223999 -0.0507202 -0.215942
4.13467 3.42438 -3.08792 -0.11676 0.0421143 -1.08972 -0.0150757 -0.0512085 -0.193665
2.40005 3.68607 -2.97577 -0.104736 0.0254517 -1.13043 -0.0022583 -0.0579834 -0.22937
0.964508 3.57391 -3.08792 -0.0984497 0.012085 -1.16437 -0.0175781 -0.0635376 -0.208801
-1.70471 1.68228 -3.14026 -0.107788 0.00598145 -1.20013 -0.0269775 -0.0673218 -0.242615
-6.14594 -1.32339 -2.1608 -0.111633 0.0145874 -1.17151 -0.00384521 -0.0657349 -0.259949
-9.61517 -2.84866 -1.83929 -0.120483 0.0205078 -1.15198 -0.00402832 -0.0548706 -0.233398
-11.3947 -4.56085 -1.27853 -0.136963 0.0188599 -1.11218 -0.0154419 -0.0654907 -0.232178
-12.6059 -6.19827 0.411224 -0.125549 0.0200195 -1.06525 -0.0222168 -0.0616455 -0.208679
-11.5068 -6.42258 1.26358 -0.113831 0.0324097 -1.01709 -0.0159912 -0.065979 -0.23938
-9.45816 -6.91605 1.66733 -0.110107 0.0454712 -0.994934 -0.0120239 -0.0550537 -0.217102
-6.45996 -6.2207 1.00189 -0.113037 0.0517578 -0.977539 -0.0189819 -0.0684204 -0.245728
-4.7702 -4.84497 1.30844 -0.114624 0.0595703 -0.97998 -0.0178223 -0.0657349 -0.215088
-1.45798 -2.34024 1.29349 -0.110779 0.0625 -0.987305 -0.0171509 -0.0650635 -0.242798
0.710297 -0.762634 0.814972 -0.0998535 0.0599365 -1.0307 -0.0210571 -0.0671997 -0.209412
2.09351 1.61499 -0.70282 -0.103394 0.0567017 -1.07111 -0.00274658 -0.0723267 -0.192383
2.04865 1.84677 -0.747681 -0.117798 0.0549927 -1.12885 -0.0181885 -0.0559082 -0.204224
-0.792542 2.01874 -1.00937 -0.114868 0.0480347 -1.19592 -0.00384521 -0.0752563 -0.230103
-5.71228 1.51031 -1.08414 -0.132629 0.0410767 -1.20953 -0.0108032 -0.0656738 -0.239929
-9.34601 -0.291595 -0.194397 -0.132996 0.0383911 -1.18085 -0.0125732 -0.062561 -0.230896
-11.3348 -2.75146 0.650482 -0.135925 0.0478516 -1.09924 -0.0012207 -0.0669556 -0.230164
-11.4246 -3.91785 1.33835 -0.131042 0.0432739 -1.05444 -0.0149536 -0.0513306 -0.235291
-10.3404 -4.81506 1.95145 -0.134705 0.0317383 -1.08514 -0.0010376 -0.067627 -0.233154
-11.4769 -5.30106 2.95334 -0.159546 0.0321045 -1.17926 -0.0055542 -0.0681152 -0.226501
-16.5013 -3.97766 3.97018 -0.140442 0.0397339 -1.19763 -0.0117798 -0.0709229 -0.218933
-19.9481 -6.58707 4.33655 -0.123779 0.0692749 -1.16272 0.00476074 -0.0724487 -0.244995
-21.3762 -10.7666 4.35898 -0.120544 0.0916138 -1.09851 -0.00372314 -0.0759888 -0.23407
-21.0472 -13.0246 3.97018 -0.119629 0.0998535 -1.00018 -0.000732422 -0.0759277 -0.234009
-17.4883 -12.8078 4.20197 -0.10498 0.104492 -0.950012 -0.00701904 -0.0856323 -0.25238
-15.305 -12.6508 3.92532 -0.0925293 0.106812 -0.896423 0.0151978 -0.0682983 -0.245667
-9.76471 -11.2526 3.54401 -0.0907593 0.116882 -0.870667 0.00311279 -0.076416 -0.222595
-3.56644 -7.70859 2.14584 -0.0947876 0.126221 -0.860352 0.00177002 -0.0737915 -0.226074
3.76083 -3.67111 0.568237 -0.101624 0.131226 -0.870178 0.0165405 -0.0690308 -0.249268
11.1031 0.179443 -1.13647 -0.104797 0.137085 -0.889343 -0.0065918 -0.0698242 -0.2323
17.2565 3.02811 -3.46176 -0.0887451 0.128845 -0.95105 0.00512695 -0.0681763 -0.243652
21.1967 7.46933 -5.91415 -0.111572 0.108704 -1.03271 0.0176392 -0.0697021 -0.236145
20.8678 10.5722 -7.65625 -0.125366 0.0996704 -1.07825 0.00189209 -0.0683594 -0.223694
20.2846 12.561 -7.88803 -0.119507 0.0869141 -1.12433 -0.00238037 -0.0741577 -0.22406
18.4303 11.7834 -9.51797 -0.122925 0.0669556 -1.1416 -0.0161743 -0.072937 -0.238281
15.7312 10.3479 -10.1535 -0.131958 0.0534668 -1.15283 -0.0250854 -0.0665894 -0.244324
13.062 9.55536 -10.3479 -0.138184 0.0371704 -1.15576 -0.0168457 -0.0546265 -0.20697
9.89929 8.49365 -9.77219 -0.122437 0.0196533 -1.17242 -0.0065918 -0.069458 -0.211487
5.83939 6.47491 -8.14972 -0.101074 0.0067749 -1.19427 -0.00158691 -0.0697021 -0.229919
1.772 2.59445 -7.34222 -0.116211 0.0065918 -1.20227 -0.0144043 -0.0621338 -0.235474
-1.63742 -0.328979 -6.37772 -0.142334 0.0175781 -1.22302 -0.0189209 -0.0630493 -0.22644
-6.84875 -3.5141 -4.73282 -0.151062 0.0154419 -1.22913 -0.0182495 -0.0557251 -0.229614
-9.21143 -5.30106 -4.08234 -0.166748 0.0150757 -1.22009 -0.0194092 -0.0582275 -0.207642
-14.2732 -7.57401 -2.8038 -0.17572 0.022644 -1.19592 -0.0166016 -0.0609131 -0.227112
-18.2359 -9.98901 -1.09161 -0.195496 0.02771 -1.17346 -0.0139771 -0.0770264 -0.261597
-21.5482 -11.0358 0.687866 -0.188232 0.0385742 -1.11401 0.000244141 -0.064209 -0.235474
-23.1258 -12.5461 1.5477 -0.183533 0.0563354 -1.07855 0.000244141 -0.0723877 -0.233154
-23.1482 -12.8302 2.51221 -0.192322 0.0665283 -1.04279 0.00585938 -0.0719604 -0.239746
-22.1762 -12.5835 3.68607 -0.170593 0.092041 -1.02771 0.000854492 -0.0732422 -0.218994
-20.808 -11.5741 4.41879 -0.154175 0.103699 -1.02808 -0.00476074 -0.0888672 -0.25
-20.1425 -11.5816 4.39636 -0.146851 0.124329 -0.99408 0.00915527 -0.0791016 -0.237793
-17.2565 -10.8414 4.55338 -0.156067 0.131226 -0.968262 0.0172119 -0.0809937 -0.259033
-13.7424 -9.95911 4.36646 -0.148315 0.151184 -0.945679 0.00683594 -0.0853882 -0.228271
-9.51797 -7.88803 3.59634 -0.148804 0.166199 -0.930176 0.013855 -0.0793457 -0.220764
-4.45618 -5.31601 2.76642 -0.148193 0.169678 -0.92157 0.00878906 -0.0936279 -0.254211
0.792542 -2.51221 2.0636 -0.142578 0.172974 -0.889404 0.00866699 -0.0772705 -0.24115
7.37961 0.201874 0.650482 -0.149109 0.169189 -0.888367 0.00622559 -0.0792236 -0.237366
13.0396 3.85056 -0.104675 -0.131287 0.166443 -0.908325 0.00653076 -0.0715332 -0.210571
17.8471 7.58896 -2.08603 -0.090332 0.149902 -0.929199 -0.00140381 -0.0737305 -0.230347
20.1425 8.80768 -3.94775 -0.0699463 0.133606 -0.917664 0.00244141 -0.0720825 -0.224976
25.8847 10.3703 -7.14035 -0.0988159 0.120728 -0.968994 -0.00463867 -0.0722656 -0.22168
29.5409 14.0041 -9.36844 -0.133179 0.102478 -1.02759 -0.0112915 -0.0693359 -0.231567
30.296 17.5854 -10.0339 -0.153259 0.0739136 -1.05261 0.00396729 -0.0703735 -0.236694
30.154 20.6584 -9.57031 -0.151367 0.0540771 -1.12848 -0.0151978 -0.0586548 -0.238953
26.5875 21.0472 -9.24881 -0.122192 0.0420532 -1.22925 -0.0148315 -0.0679932 -0.205261
20.1276 20.1949 -9.71237 -0.116089 0.022583 -1.28113 -0.0102539 -0.0610962 -0.224182
12.748 16.4041 -9.48807 -0.124512 0.0108643 -1.31805 -0.0321045 -0.0631104 -0.219421
4.85245 9.66003 -8.25439 -0.136414 0.00720215 -1.2774 -0.0152588 -0.0620728 -0.245667
1.89911 7.42447 -7.49924 -0.152283 -0.000488281 -1.22675 -0.0202637 -0.071167 -0.187805
-3.66364 1.83182 -5.72723 -0.178772 -0.0324097 -1.14008 -0.0319214 -0.0579834 -0.222534
-6.55716 -0.396271 -2.47482 -0.131592 -0.0487671 -1.10791 -0.0139771 -0.0664673 -0.238953
-7.40952 -3.54401 -0.613098 -0.111389 -0.0415039 -1.09772 -0.0232544 -0.0629272 -0.188416
-7.78336 -5.80948 0.224304 -0.134949 -0.0289917 -1.14349 -0.034668 -0.0596924 -0.241028
-9.96658 -5.97397 1.68976 -0.153381 -0.0115967 -1.15784 -0.0172119 -0.0652466 -0.204102
-13.2265 -6.87866 3.42438 -0.1521 0.0145264 -1.17572 -0.0235596 -0.0670166 -0.195496
-15.791 -9.54788 4.9646 -0.139465 0.0408936 -1.17096 -0.0065918 -0.0678711 -0.237366
-17.1892 -10.7816 5.45807 -0.142944 0.0536499 -1.16791 -0.00872803 -0.0667114 -0.233643
-21.0098 -12.6358 5.52536 -0.155518 0.055481 -1.13916 -0.0128784 -0.0648193 -0.243958
-23.3875 -12.5012 6.31042 -0.147705 0.0610352 -1.07489 -0.00872803 -0.0655518 -0.215698
-23.4697 -12.4638 7.02072 -0.141296 0.0765991 -1.0387 -0.0148315 -0.0685425 -0.228638
-22.3631 -12.2919 7.08801 -0.127075 0.0890503 -0.976013 -0.0203247 -0.0612793 -0.230835
-18.8042 -11.1105 6.42258 -0.121521 0.10022 -0.940735 -0.00415039 -0.0655518 -0.214478
-14.4676 -10.2806 5.79453 -0.119141 0.123962 -0.90802 0.0101929 -0.081665 -0.256348
-8.35907 -8.02261 5.41321 -0.122375 0.139038 -0.908325 0.00939941 -0.0787964 -0.252625
-5.3833 -6.40015 4.52347 -0.122925 0.151733 -0.900635 0.00244141 -0.0757446 -0.229858
0.358887 -3.00568 4.20944 -0.104309 0.152771 -0.905762 -0.00640869 -0.071106 -0.225525
5.86929 -0.426178 2.23557 -0.0980835 0.149536 -0.8927 0.00488281 -0.0740356 -0.234253
12.89 2.11594 -0.0149536 -0.0717163 0.139771 -0.875793 0.00213623 -0.0807495 -0.220764
19.1406 5.71228 -2.8038 -0.06427 0.126221 -0.90918 0.0181274 -0.0743408 -0.250427
24.0005 9.80957 -6.00388 -0.0828857 0.107361 -0.949341 -0.00286865 -0.0737305 -0.214539
26.5501 14.0639 -8.03757 -0.0952759 0.083313 -1.03564 -0.0167847 -0.072876 -0.210327
26.0342 16.4265 -9.68246 -0.115723 0.0637207 -1.13263 -0.00201416 -0.0621948 -0.233582
21.937 16.5088 -10.2208 -0.120789 0.0465698 -1.22089 -0.0112915 -0.0516357 -0.196533
19.4322 16.3742 -10.2582 -0.125183 0.0249023 -1.30054 -0.0065918 -0.0651855 -0.22113
11.5965 14.0788 -9.89182 -0.10907 0.00860596 -1.3396 -0.0137939 -0.0657959 -0.22998
