-16.748 -28.5689 8.17963 -0.0681152 -0.000305176 -1.02283 -0.340027 -0.199829 -0.212036
0.157013 1.18134 -0.942078 -0.122681 0.0950317 -1.09064 -0.292969 -0.197205 -0.219788
11.9778 8.84506 -10.4675 -0.0992432 0.0618286 -1.04779 -0.301086 -0.194885 -0.174866
19.5219 84.5552 -10.7292 0.593018 -0.0366821 -0.713928 -0.499023 -0.222961 0.0445557
-3.45428 1.45798 1.01685 0.867004 -0.0605469 0.207642 -0.466431 -0.202698 0.361694
-31.7465 -81.8037 -0.16449 0.712708 -0.0380249 -0.530151 -0.51239 -0.199097 0.0623169
0.635529 -0.53833 -4.75525 -0.241638 0.264954 -1.01532 -0.233521 -0.272461 -0.261108
21.7052 70.9698 -4.19449 0.634521 0.0057373 -0.689514 -0.495117 -0.208252 0.0532227
-1.72714 2.66174 -2.58698 0.863525 -0.137268 0.211365 -0.502075 -0.197937 0.360168
-25.0847 -71.74 1.78696 0.50708 -0.0662842 -0.790955 -0.484009 -0.170044 -0.019043
2.46735 7.24503 -2.81128 -0.102478 0.0800781 -1.03387 -0.29657 -0.207825 -0.217285
-1.12152 1.0318 -3.76831 -0.111389 0.0599976 -1.05658 -0.295593 -0.203857 -0.196838
