-0.119629 -0.628052 -2.42996 -0.170105 -0.119934 0.985657 0.0189209 -0.138245 0.347778
0.201874 -0.171967 -2.50473 -0.172424 -0.121765 0.971008 0.0249634 -0.150391 0.363831
0.343933 0.88974 -2.83371 -0.174622 -0.121094 0.987549 0.0244141 -0.160645 0.370911
0.792542 0.358887 -2.87857 -0.163574 -0.115784 0.996338 0.0057373 -0.149048 0.351929
2.63931 1.2561 -1.83182 -0.176636 -0.109131 1.00909 0.00488281 -0.138733 0.346375
3.47672 0.628052 -1.30096 -0.171204 -0.110596 0.995117 0.00109863 -0.140869 0.315247
4.81506 -0.478516 -1.32339 -0.174927 -0.102234 1.00446 0.0172729 -0.141296 0.295959
6.81885 -0.628052 -1.85425 -0.172424 -0.0975952 1.00964 0.024353 -0.165466 0.373535
9.39835 -1.80939 -2.07108 -0.16571 -0.107727 0.998291 0.0187378 -0.174744 0.3125
9.89182 -1.61499 -1.07666 -0.168579 -0.0998535 0.990601 0.0235596 -0.162781 0.357361
9.0918 -0.717773 -1.30096 -0.170898 -0.0996704 0.988098 0.010498 -0.163635 0.344421
8.36655 0.777588 -0.927124 -0.164795 -0.0957031 0.988037 0.00128174 -0.163452 0.335571
5.46555 1.2561 -1.57761 -0.17804 -0.0823975 1.00281 0.0090332 -0.177979 0.385437
4.53842 1.99631 -2.04117 -0.178406 -0.0812378 1.00055 0.0169678 -0.147278 0.350342
5.02441 0.740204 -2.2879 -0.168274 -0.0803223 0.99707 0.0145264 -0.153259 0.326111
5.87677 -1.51031 -2.01126 -0.178345 -0.0726929 1.00598 0.0133667 -0.146667 0.316345
8.25439 -2.34024 -1.20377 -0.171448 -0.0803833 1.00201 0.0235596 -0.151672 0.341125
4.04495 -2.28043 -2.31781 -0.170654 -0.0778198 0.991821 0.0194702 -0.170654 0.325439
5.39078 -0.0598145 -3.17017 -0.183899 -0.071167 1.01038 0.0237427 -0.16571 0.349426
3.65616 -0.478516 -2.4823 -0.171082 -0.0693359 1.00568 0.00579834 -0.162537 0.308899
2.30286 -1.66733 -2.36267 -0.167664 -0.0681152 1.00427 0.0128784 -0.174133 0.36731
2.60941 -1.81686 -2.40753 -0.158936 -0.0731812 0.999084 0.00341797 -0.137512 0.345886
-0.605621 -2.16827 -2.11594 -0.160767 -0.0629272 0.997925 0.015625 -0.146912 0.354858
0.0971985 -0.284119 -2.62436 -0.166626 -0.0631714 1.00507 0.0102539 -0.168457 0.3255
-0.381317 0.0598145 -2.04865 -0.167175 -0.0632935 1.00238 0.0275269 -0.17218 0.341675
0.628052 -0.762634 -1.52527 -0.161743 -0.06604 0.992371 0.0274048 -0.179565 0.350891
2.37762 -1.06171 -0.859833 -0.170837 -0.0569458 1.00281 0.0263672 -0.159729 0.356873
2.91595 -2.258 -1.09161 -0.165894 -0.0578003 1.00116 0.0101318 -0.161499 0.331543
3.63373 -3.49167 -2.05612 -0.167603 -0.0562134 1.00269 0.013855 -0.165344 0.35675
4.68796 -2.76642 -2.45987 -0.17511 -0.0666504 0.992371 0.0211182 -0.163635 0.370056
0.523376 -1.38321 -3.66364 -0.149231 -0.0662231 0.995789 0.0250854 -0.151855 0.35022
0.343933 -2.66174 -2.34024 -0.150146 -0.0675659 0.978516 0.00170898 -0.171692 0.323364
-0.777588 -1.23367 -1.86172 -0.158875 -0.0629272 0.989868 0.0178223 -0.175232 0.365173
0.463562 -0.119629 -2.13837 -0.145813 -0.0675049 0.987793 0.0065918 -0.16925 0.34021
1.03928 1.54022 -1.82434 -0.175537 -0.0535278 1.0116 0.00970459 -0.134216 0.419373
1.51779 3.85056 -3.16269 -0.184387 -0.0514526 1.03119 0.0108032 -0.129028 0.366089
-0.0149536 1.44302 -3.55896 -0.1745 -0.0543823 1.02289 0.0281372 -0.135315 0.385132
-0.91217 0.411224 -2.31781 -0.169006 -0.0531616 1.00928 0.0212402 -0.149292 0.395203
-0.568237 0.291595 -2.13089 -0.159546 -0.0582886 0.996582 0.0284424 -0.15155 0.382385
-0.321503 0.56076 -1.80191 -0.166321 -0.0501099 0.996094 0.0238037 -0.143616 0.366333
-0.672913 1.11404 -2.54959 -0.153442 -0.0582275 0.983643 0.0201416 -0.150208 0.342773
-0.284119 0.037384 -2.74399 -0.155579 -0.0565796 0.984741 0.0286255 -0.156372 0.410828
1.28601 1.4505 -1.98883 -0.178101 -0.041687 1.01282 0.0249634 -0.140869 0.403809
0.717773 2.02621 -2.07855 -0.175903 -0.0480347 1.00128 0.0177002 -0.151184 0.362122
1.34583 0.874786 -3.27484 -0.180786 -0.0436401 1.00873 0.026062 -0.158081 0.457092
-1.65985 0.299072 -2.51221 -0.182617 -0.0427246 1.00916 0.0259399 -0.150269 0.37085
-2.21313 0.628052 -2.4823 -0.164368 -0.0513306 0.996033 0.0301514 -0.147705 0.355408
-0.800018 -0.00747681 -2.07108 -0.158264 -0.0534668 1.01019 0.0363159 -0.140015 0.398804
-0.70282 0.112152 -1.48788 -0.17395 -0.0559692 1.00299 0.0384521 -0.155457 0.461182
-0.433655 -0.0224304 -2.13089 -0.165894 -0.0505981 1.00037 0.0266113 -0.134094 0.396301
-0.328979 -0.201874 -2.75146 -0.166443 -0.0499268 1.00409 0.0213013 -0.154297 0.403381
-0.276642 1.72714 -2.09351 -0.175476 -0.0446777 1.01837 0.0338745 -0.156555 0.402771
-0.829926 2.21313 -1.78696 -0.176636 -0.0410156 1.01471 0.0234375 -0.154846 0.352722
-2.64679 3.15521 -2.35519 -0.182129 -0.0529785 1.00647 0.0220947 -0.131836 0.418152
-4.49356 1.60004 -1.98135 -0.176575 -0.0546265 0.998108 0.0119629 -0.132812 0.361511
-3.08792 1.68976 -2.69165 -0.170349 -0.0540771 0.99762 0.0198364 -0.133606 0.375549
-2.99072 1.31592 -2.65427 -0.171448 -0.0531616 0.98822 0.00927734 -0.141602 0.384216
-1.68976 0.986938 -2.56454 -0.1651 -0.0523071 1.00079 0.0217896 -0.151672 0.362854
-0.732727 2.13837 -2.48978 -0.197083 -0.0487061 0.996948 0.0308228 -0.143799 0.353577
-1.39816 -0.979462 -5.32349 -0.179138 -0.0592651 1.01855 0.00848389 -0.141357 0.315369
-0.0897217 -1.11404 -3.85056 -0.180725 -0.0586548 1.00482 0.0339355 -0.158569 0.366638
0.37384 -3.58139 -2.07108 -0.168579 -0.0557861 0.987305 0.027771 -0.158813 0.382812
0.814972 -2.65427 -0.874786 -0.16925 -0.0553589 0.998962 0.0300903 -0.143799 0.400757
0.149536 -1.3533 -0.231781 -0.18335 -0.0518799 0.994629 0.0263672 -0.163391 0.384583
-0.306549 -1.10657 -0.0598145 -0.173828 -0.0483398 1.00342 0.0362549 -0.150513 0.437866
-0.971985 -0.291595 -0.994415 -0.168701 -0.0472412 1.0033 0.0119629 -0.144348 0.409485
-1.79443 0.590668 -0.942078 -0.167053 -0.0560303 0.99469 0.0254517 -0.152893 0.392517
-2.10098 0.971985 0 -0.165894 -0.0574951 0.994324 0.0249634 -0.152954 0.379883
-1.29349 1.36078 0.0224304 -0.169983 -0.0585327 1.00098 0.0317383 -0.145813 0.429504
-1.41312 1.21124 0.919647 -0.170471 -0.0568848 0.994202 0.0303955 -0.156982 0.403137
-0.91217 0.695343 0.755157 -0.179199 -0.057373 0.995422 0.0275269 -0.156067 0.392456
-0.306549 0.112152 1.07666 -0.194641 -0.0493774 1.01733 0.00238037 -0.157166 0.363831
-0.605621 0.134583 1.26358 -0.192627 -0.0563965 1.01154 0.0211792 -0.157349 0.368286
-1.21124 -0.762634 2.33276 -0.179321 -0.0561523 1.01501 0.03125 -0.120972 0.402588
-1.60751 -0.717773 3.17764 -0.176025 -0.0489502 1.00238 0.024292 -0.144958 0.39563
-1.40564 -0.00747681 3.25989 -0.182495 -0.052063 0.992615 0.0410156 -0.146179 0.353333
-0.957031 0.00747681 5.39825 -0.181519 -0.0571289 0.989868 0.0358276 -0.133179 0.375671
-0.628052 1.26358 6.57211 -0.187622 -0.0558472 1.00348 0.0252075 -0.173706 0.364563
-0.142059 1.08414 8.03757 -0.183228 -0.0528564 1.00549 0.0214844 -0.152405 0.393372
-0.284119 -0.814972 9.86191 -0.181519 -0.0534058 0.999573 0.0308838 -0.16394 0.320618
-1.27106 -2.84866 10.3778 -0.17981 -0.039917 1.00739 0.0247803 -0.177307 0.3927
-1.59256 -3.70102 9.7348 -0.194702 -0.0390015 1.02441 0.0258789 -0.169495 0.403259
-2.74399 -5.4805 12.8003 -0.183533 -0.0427246 1.01208 0.010437 -0.142273 0.367859
-4.21692 -6.6095 14.7742 -0.177795 -0.0515747 1.01733 0.0112305 -0.163025 0.341858
-4.08234 -6.82632 16.935 -0.176392 -0.0499878 0.998291 0.0200806 -0.16803 0.387817
-3.08044 -5.63004 19.7537 -0.176331 -0.0614624 1.01208 0.0202026 -0.161438 0.388062
-3.85803 -5.27115 24.2249 -0.180786 -0.0582886 1.00684 0.0220337 -0.185486 0.396118
-0.852356 -1.90659 29.3539 -0.151062 -0.0559082 1.00848 0.0117188 -0.158325 0.407837
3.82065 0.657959 30.9689 -0.160828 -0.0667725 0.962341 0.00158691 -0.171692 0.378296
4.40384 0.396271 28.5539 -0.170715 -0.0502319 0.987793 0.0251465 -0.173218 0.401001
8.86749 3.06549 29.5184 -0.170837 -0.041626 1.00024 0.0180054 -0.197449 0.361572
9.00208 2.88605 31.4774 -0.160339 -0.0335083 1.00714 0.0256348 -0.151184 0.395325
10.4002 2.01126 32.9578 -0.172913 -0.0281372 1.00671 -0.00177002 -0.175293 0.387512
8.11981 -1.49536 34.3933 -0.173889 -0.00653076 1.01971 0.0144043 -0.190308 0.368347
8.06 -5.73471 33.4961 -0.167969 -0.00549316 1.00348 0.0183105 -0.165527 0.406189
8.84506 -7.09549 30.3558 -0.171509 -0.0145264 1.0047 0.0166626 -0.184875 0.405396
5.00946 -8.68805 27.0062 -0.161987 -0.00921631 1.00323 0.00195312 -0.190369 0.402405
1.92902 -10.4301 23.7762 -0.156982 -0.00720215 1.00024 0.0131836 -0.215515 0.40686
-0.306549 -12.5087 23.7389 -0.153564 -0.0235596 0.985535 0.00762939 -0.216919 0.415649
-4.26178 -13.1741 25.0996 -0.143127 -0.0163574 0.993896 -0.0230713 -0.200012 0.391724
-6.44501 -11.8059 23.8884 -0.153198 -0.0269165 0.99353 -0.00506592 -0.212524 0.403748
-8.0899 -9.82452 25.8548 -0.137878 -0.0283813 0.987976 -0.00415039 -0.205994 0.336548
-9.4133 -9.04694 28.1726 -0.149048 -0.0249634 0.986755 -0.00842285 -0.205994 0.387024
-7.17026 -7.87308 28.9278 -0.14978 -0.0304565 0.998047 -0.0142822 -0.212646 0.455383
-8.41141 -6.57211 30.6175 -0.147339 -0.0229492 1.00647 -0.0200806 -0.234131 0.385254
-4.97208 -5.68237 31.4848 -0.146118 -0.0141602 1.02515 -0.0218506 -0.201233 0.400879
-4.6431 -4.83749 30.5203 -0.141724 -0.0167236 1.02905 -0.012207 -0.208435 0.443542
-4.85245 -2.79633 28.3221 -0.133362 -0.0106201 1.02271 -0.0252075 -0.212402 0.404297
-4.2543 -1.97388 27.5595 -0.120972 -0.0253906 1.02545 -0.0383911 -0.227905 0.400024
-4.89731 0.994415 26.8118 -0.128845 -0.0209961 1.00812 -0.019043 -0.225525 0.377197
-3.60382 2.45987 27.7539 -0.130127 -0.0272217 1.00134 -0.0163574 -0.21167 0.430725
-2.96829 2.82623 28.7184 -0.135437 -0.0288086 0.994934 -0.0123901 -0.234253 0.392883
0.964508 2.99072 31.769 -0.143433 -0.0182495 1.01202 -0.0366211 -0.215759 0.43103
2.7066 1.47293 35.3653 -0.142944 -0.0250244 1.01532 -0.0255127 -0.238159 0.381714
2.56454 -1.86172 46.3637 -0.142273 -0.0304565 1.01044 -0.0332642 -0.231995 0.426819
2.98325 -3.15521 51.2909 -0.147644 -0.0118408 1.00842 -0.0285034 -0.229309 0.473267
7.16278 -4.79263 58.5808 -0.144165 -0.0112305 1.00952 -0.0301514 -0.252258 0.383179
9.46564 -3.58139 64.308 -0.125549 -0.0137329 0.983826 -0.0511475 -0.242615 0.448486
2.54959 -6.94595 62.5211 -0.135254 0.0125122 0.999756 -0.0446167 -0.250183 0.448242
1.30096 -7.88055 63.1641 -0.106873 -0.0137939 0.99231 -0.0682983 -0.257446 0.416565
-7.85812 -12.8078 58.7527 -0.122437 -0.0227661 0.993774 -0.0579834 -0.236267 0.427734
-7.90298 -12.7106 54.0573 -0.109009 -0.0109863 0.997681 -0.0637817 -0.248718 0.466003
-5.65994 -9.23386 46.9319 -0.09552 -0.00830078 1.02795 -0.0754395 -0.260437 0.429688
-8.81516 -8.16467 45.5861 -0.11084 -0.000183105 1.01343 -0.0706177 -0.266418 0.46051
-11.3797 -9.49554 46.2067 -0.113647 0.00823975 1.00757 -0.0869141 -0.266296 0.406372
-14.8116 -13.3311 47.9039 -0.117798 -0.0117188 1.00421 -0.0701294 -0.266174 0.457703
-11.0806 -12.247 45.1674 -0.121033 -0.0171509 0.98999 -0.0991821 -0.281677 0.406006
-10.7591 -14.6844 42.9543 -0.113708 -0.0180664 0.982666 -0.0820923 -0.27948 0.438232
-6.28799 -12.748 43.0515 -0.103882 -0.0194092 1.00641 -0.0884399 -0.27356 0.443176
-2.258 -9.54788 45.6235 -0.0922241 -0.0373535 1.00214 -0.102783 -0.279297 0.446533
4.65805 -3.4169 44.4048 -0.086792 -0.0350952 1.00043 -0.106934 -0.257629 0.430725
5.03937 -2.79633 42.2365 -0.0968018 -0.0090332 1.00842 -0.119873 -0.260559 0.469788
2.901 -3.52158 41.2645 -0.0549927 -0.0331421 1.03992 -0.115906 -0.27594 0.43988
7.42447 2.1608 44.8683 -0.0467529 -0.0319214 1.03107 -0.104492 -0.277893 0.450745
7.40952 6.6394 46.902 -0.0994263 -0.0136108 1.00818 -0.120972 -0.272034 0.444031
6.65436 8.2843 47.1861 -0.0827026 -0.0192871 1.00543 -0.11322 -0.266052 0.430664
2.46735 4.49356 40.5542 -0.0762939 -0.00854492 0.994385 -0.124695 -0.279297 0.448853
-4.19449 -2.81876 32.8755 -0.0891113 -0.0106201 0.989624 -0.128052 -0.278442 0.452148
-2.65427 -3.56644 29.7128 -0.088562 -0.0202637 0.993164 -0.112671 -0.270081 0.449402
1.6449 -1.98883 27.7539 -0.110229 -0.00305176 0.990356 -0.12616 -0.260803 0.49231
4.81506 1.08414 27.6044 -0.12207 0.0255737 1.00818 -0.131592 -0.287598 0.454834
6.28052 1.14395 28.5913 -0.104248 0.0137329 1.01831 -0.13208 -0.286682 0.414062
6.84128 1.8692 29.9446 -0.108337 -0.00427246 1.0058 -0.145325 -0.302307 0.50177
6.46744 3.89542 32.868 -0.097229 0.0148315 1.01233 -0.128906 -0.296997 0.433777
2.28043 2.37015 28.838 -0.115845 0.00769043 1.01361 -0.138428 -0.297974 0.431702
0.844879 4.97208 28.4941 -0.0900269 -0.0214233 1.01086 -0.15564 -0.315125 0.458374
-4.10477 3.11783 29.3166 -0.0923462 -0.0216675 1.00189 -0.162537 -0.302246 0.477539
-0.426178 4.88983 27.6941 -0.0840454 -0.026123 0.991699 -0.13678 -0.309692 0.450928
-1.09909 3.36456 21.9669 -0.0892334 -0.0147095 0.997986 -0.159607 -0.308044 0.422058
-1.772 3.02811 23.1407 -0.0964966 -0.0137939 1.00293 -0.140381 -0.301147 0.478943
-0.942078 2.89352 25.3613 -0.109741 -0.00683594 1.00403 -0.14563 -0.317505 0.444153
1.42807 5.00198 28.8231 -0.113586 0.0112915 1.01062 -0.159851 -0.290588 0.44989
2.76642 5.80948 30.6175 -0.223694 0.0801392 1.01526 -0.145935 -0.299072 0.399902
14.4153 16.8602 43.3131 -0.270386 0.126709 1.02362 -0.137756 -0.314209 0.466003
24.1949 27.7988 61.5715 -0.212891 0.0975952 1.00519 -0.154236 -0.327209 0.43634
13.8545 23.8959 66.581 -0.101501 -0.0254517 1.04156 -0.143677 -0.328735 0.449158
0.314026 19.35 63.493 -0.162354 0.0308838 1.00256 -0.153442 -0.335693 0.40802
-4.77768 15.0284 52.2255 0.055603 -0.325439 1.12061 -0.164978 -0.356262 0.40979
-13.8097 -3.73093 21.3388 -0.125732 0.00335693 0.992493 -0.153748 -0.31665 0.463501
-2.51968 -5.72723 10.4002 -0.135437 0.0267334 0.963501 -0.168762 -0.298157 0.499023
-0.770111 -9.66003 9.85443 -0.126587 0.029541 0.996277 -0.168762 -0.308838 0.468079
5.2562 -7.52914 11.918 -0.127014 0.0504761 1.0033 -0.171326 -0.308411 0.438538
6.36276 -8.56094 12.8377 -0.120667 0.0441284 1.01105 -0.170959 -0.327515 0.414368
4.29916 -6.78146 15.4845 -0.111938 0.0597534 1.01941 -0.181519 -0.324646 0.436584
2.93091 -9.19647 17.6527 -0.132263 0.0479736 1.01941 -0.16864 -0.320251 0.453918
9.79462 -9.11423 21.0397 -0.161011 0.0582275 0.982971 -0.1651 -0.309631 0.438477
3.46176 -10.3778 25.9744 -0.127319 0.0571289 1.0304 -0.178345 -0.310059 0.409119
-2.78885 -13.7872 29.8624 -0.0863647 0.0402832 1.02502 -0.18988 -0.311218 0.463867
-12.4937 -19.4322 35.6793 -0.153137 0.171265 1.03143 -0.203247 -0.328247 0.440613
7.05063 -15.7835 39.6121 -0.0859375 0.0371704 0.972778 -0.20166 -0.322632 0.43219
2.21313 -13.5854 33.2045 -0.133545 0.216797 1.02527 -0.191528 -0.309753 0.425354
27.8212 -8.4787 54.79 -0.132996 0.240051 1.01715 -0.198425 -0.315002 0.408752
57.8555 1.17386 90.7535 -0.0975342 0.208679 0.906616 -0.220947 -0.323975 0.421143
71.5306 29.5334 121.67 0.0498047 0.112976 0.926086 -0.229126 -0.332336 0.409302
64.6594 33.6456 148.086 -0.105408 0.140991 1.00848 -0.252075 -0.341248 0.394104
45.4141 34.0045 145.693 -0.135437 0.0368042 1.10925 -0.252014 -0.344604 0.397095
35.9859 1.14395 114.956 -0.143127 0.0189819 1.01733 -0.265259 -0.351868 0.411987
-0.762634 -11.3797 61.7659 -0.0922241 0.067688 0.993958 -0.26416 -0.339417 0.375549
-26.6623 -9.35349 23.9482 -0.0606079 0.108276 0.98938 -0.260803 -0.342468 0.408081
-33.6531 -15.6789 7.11044 -0.0762329 0.163879 0.983276 -0.260925 -0.330627 0.414062
-15.7088 -11.8732 6.07864 -0.0258179 0.155334 1.05353 -0.279663 -0.322815 0.377686
-4.65805 -22.3257 3.89542 -0.0136719 0.115112 1.00232 -0.266296 -0.345703 0.416687
-6.74408 -18.1761 4.51599 -0.0377808 0.147583 1.00848 -0.291382 -0.331055 0.34613
-5.15152 -14.6471 3.44681 -0.015564 0.117859 1.01428 -0.286377 -0.356628 0.393494
-2.56454 -11.0806 1.57013 -0.0411377 0.130554 0.986267 -0.296082 -0.32666 0.367676
-2.39258 -10.1012 -1.57761 -0.0654297 0.134277 0.964783 -0.280151 -0.348938 0.407471
-5.95901 -6.27304 0.216827 -0.0262451 0.1651 0.992249 -0.293335 -0.327576 0.381958
-13.0994 -6.77399 7.60391 -0.0267944 0.127869 0.968323 -0.282471 -0.327209 0.411804
-12.5984 -4.75525 10.6918 -0.0301514 0.108887 0.98645 -0.305542 -0.318726 0.402283
-6.04126 0.964508 8.31421 -0.0355225 0.16571 1.01086 -0.301331 -0.331238 0.388916
10.7292 4.78516 10.4451 -0.00909424 0.133484 0.995361 -0.290527 -0.345886 0.377197
13.3237 0.0971985 13.3984 -0.0200806 0.140991 1.03839 -0.288452 -0.317993 0.45459
11.6862 1.3533 16.606 -0.0811768 0.148376 1.00684 -0.299805 -0.325073 0.38562
13.9293 7.81326 27.2903 -0.0421143 0.102539 0.97644 -0.306519 -0.346252 0.345947
4.13467 10.5348 27.8885 -0.0286255 0.127197 0.972839 -0.311523 -0.34021 0.362671
1.83182 9.79462 21.8771 -0.0110474 0.141296 1.01025 -0.291931 -0.339539 0.370911
-10.4974 7.90298 26.4978 -0.00646973 0.0987549 1.00153 -0.308167 -0.308899 0.395752
-19.649 8.20206 28.4343 -0.000427246 0.13739 0.996277 -0.314758 -0.317932 0.394775
-15.3873 3.48419 27.9184 -0.0100708 0.141846 1.00085 -0.314209 -0.309753 0.37146
-12.3442 -0.336456 29.8698 -0.0617676 0.144226 0.977112 -0.292542 -0.312561 0.412048
-15.4097 -2.98325 34.8419 -0.0148926 0.107788 1.00061 -0.299988 -0.31134 0.380493
-17.5929 -5.20386 36.1952 -0.0510254 0.0930786 0.977905 -0.329407 -0.321106 0.380493
-18.4901 -5.21881 39.3729 -0.0341187 0.0878906 0.97876 -0.347107 -0.295471 0.42157
-15.0957 -7.04315 37.6831 -0.0455933 0.10376 0.967834 -0.302124 -0.299255 0.372375
-3.86551 -3.44681 42.7823 0.00720215 0.0865479 1.00958 -0.319031 -0.299255 0.407593
0.837402 -11.8507 49.317 6.10352e-05 0.10144 1.00189 -0.335754 -0.300354 0.362244
-5.47302 -16.5761 47.5226 0.00256348 0.116577 1.04877 -0.341614 -0.288513 0.406372
-18.7593 -16.4864 50.3563 0.0112915 0.071167 1.00482 -0.338074 -0.28009 0.396118
-15.2975 -17.4808 60.0313 0.026123 0.0366211 0.980835 -0.34613 -0.275146 0.412354
-5.91415 -20.0005 64.9361 0.0657349 0.0688477 0.964111 -0.350952 -0.285583 0.391846
3.88794 -37.9971 68.1735 0.00494385 0.0452271 0.960205 -0.345276 -0.276306 0.392761
-2.258 -19.4247 72.2708 0.0410767 0.0493164 0.986206 -0.35907 -0.264587 0.325134
-10.7591 -8.88992 62.379 0.0601807 0.0090332 0.962891 -0.388123 -0.247559 0.396729
-5.00198 9.98901 44.5692 0.0491333 0.0297241 0.983887 -0.379028 -0.266602 0.374207
2.47482 18.4602 36.113 0.0445557 0.0158081 0.969543 -0.369324 -0.269836 0.362366
8.1572 21.451 26.3408 0.0460815 0.0452881 1.0166 -0.372803 -0.260864 0.32605
3.23746 22.5426 28.6362 0.0254517 0.0186768 0.991394 -0.368835 -0.277466 0.384033
3.20755 25.6604 30.6325 0.0195923 0.0358276 1.01807 -0.373657 -0.258728 0.36145
4.29916 24.4791 32.3297 -0.0123901 0.093689 1.05389 -0.348206 -0.262451 0.407349
9.27872 22.4005 36.412 0.00506592 0.0407104 1.01544 -0.354126 -0.266418 0.409546
7.79831 18.6397 34.2961 0.000488281 0.0452271 1.03107 -0.367249 -0.226013 0.35614
2.82623 12.905 36.8382 6.10352e-05 0.0498657 1.0174 -0.362122 -0.235596 0.389221
3.67859 10.9984 42.6103 -0.0269165 0.0458984 1.01459 -0.376526 -0.249023 0.356323
3.52905 11.9106 38.5579 -0.0114746 0.0425415 1.02838 -0.343506 -0.233154 0.368713
0.852356 10.4152 32.7708 -0.00860596 0.0303345 1.01233 -0.350708 -0.238098 0.375793
6.36276 14.7443 33.7428 0.0090332 -0.00488281 0.995728 -0.380737 -0.232239 0.369812
7.82822 13.4059 36.5167 -0.00726318 0.0518188 0.979187 -0.370605 -0.236877 0.345215
22.3856 16.5013 40.0533 -0.0547485 0.117798 0.995911 -0.34552 -0.257263 0.377747
23.7762 17.9817 37.4962 -0.0227051 0.0428467 1.02332 -0.361938 -0.241272 0.346924
4.47113 10.2133 33.3316 -0.0548096 0.0652466 1.00525 -0.381775 -0.244385 0.400269
-1.98135 11.0432 31.4325 -0.036377 0.0493774 1.02997 -0.365723 -0.233948 0.361755
-3.7384 11.8806 30.0792 -0.0527344 0.0692749 1.00256 -0.355408 -0.236267 0.401611
4.60571 16.9873 31.1409 -0.0770874 0.0880127 1.02161 -0.351013 -0.231628 0.406982
4.10477 19.6191 30.2736 -0.0747681 0.0679321 0.991577 -0.362061 -0.236145 0.405945
-2.65427 12.9498 27.1034 -0.0491333 0.0913086 1.01318 -0.354858 -0.221802 0.409607
-15.462 -4.47113 28.0231 -0.0581665 0.0679932 1.00806 -0.396118 -0.223572 0.355713
-17.6453 2.03369 31.6194 -0.0773926 0.0568848 0.983154 -0.369812 -0.216492 0.331604
-35.0812 -10.7442 29.6979 -0.0415649 0.0131226 0.97406 -0.364685 -0.24115 0.355469
-25.2267 -5.10666 35.3877 -0.0463257 0.0188599 1.01721 -0.373413 -0.220703 0.381531
-24.6959 -11.0208 42.5206 -0.0606689 0.0332031 1.01025 -0.369812 -0.218994 0.371521
-10.5348 -9.63013 45.1001 -0.0560913 -0.00762939 1.01434 -0.382446 -0.223816 0.317322
-14.8714 -12.5162 41.6682 -0.0506592 -0.0184937 1.00653 -0.376221 -0.231262 0.331116
-5.23376 -11.7909 40.5617 -0.0551147 0.00256348 0.993958 -0.371399 -0.202637 0.347168
2.7739 -9.69742 44.9655 -0.0840454 0.0137329 0.969116 -0.391724 -0.192078 0.317078
8.47122 -5.44312 45.4889 -0.0557251 0.0375366 1.02252 -0.404663 -0.193726 0.336792
18.4976 0.18692 47.1039 -0.0206909 0.0136108 1.02039 -0.386169 -0.187012 0.320374
19.1257 3.87299 47.1188 -0.0408936 0.043396 1.04315 -0.38324 -0.18866 0.344421
19.2752 2.18323 49.975 -0.0256958 -0.00134277 1.00543 -0.378113 -0.171997 0.404724
20.621 3.45428 55.1564 -0.0432739 0.0449829 1.01764 -0.394775 -0.177185 0.368103
22.894 0.0822449 64.323 -0.0542603 0.0855713 1.01276 -0.390076 -0.173279 0.380188
23.2379 -4.11224 67.9941 -0.0460815 0.0881348 1.00903 -0.386963 -0.164307 0.419556
14.0564 -8.00766 64.5697 -0.0294189 0.100464 1.01324 -0.382385 -0.150085 0.350647
11.0582 -11.9629 66.9698 -0.00750732 0.0562134 1.01013 -0.394043 -0.16394 0.398621
12.7554 -10.3554 70.5885 -0.0203247 0.0577393 0.997925 -0.378723 -0.150085 0.384216
5.22629 -9.45816 72.1886 -0.0290527 0.0650024 0.968506 -0.40625 -0.1474 0.36261
22.6173 -1.92902 67.7698 -0.00891113 0.0622559 0.983154 -0.388245 -0.137756 0.341003
28.1502 4.06738 58.9696 -0.0231323 0.0699463 0.974609 -0.383606 -0.137451 0.373352
34.3784 11.4993 57.6163 -0.000671387 0.0668945 1.02771 -0.388245 -0.140564 0.360168
43.2234 15.1331 58.4836 -0.0010376 0.0774536 1.03778 -0.391541 -0.151489 0.343384
26.924 12.4937 50.461 -0.0157471 0.114014 0.999634 -0.397583 -0.148499 0.364929
18.3481 13.2564 39.4775 -0.0330811 0.141113 0.977173 -0.381348 -0.159851 0.284424
13.8022 13.3611 35.6569 -0.0502319 0.153015 0.977478 -0.399597 -0.142944 0.344604
5.57022 13.7648 32.6512 -0.0253906 0.129272 0.997742 -0.402771 -0.154602 0.328979
6.55716 14.1312 31.6045 -0.0445557 0.143677 0.973267 -0.386475 -0.142578 0.368713
-9.0918 15.1181 31.1409 -0.0410767 0.13739 0.983215 -0.383179 -0.137512 0.35083
-11.6862 16.4565 30.9465 -0.0180054 0.100952 0.993042 -0.404602 -0.158203 0.30188
-26.61 14.1087 27.0287 -0.0297241 0.10968 1.01831 -0.371826 -0.136719 0.342468
-35.9709 7.08801 24.2622 -0.0272217 0.0926514 1.02832 -0.384277 -0.114868 0.374695
-43.0141 -2.19818 25.466 -0.0462646 0.0751343 0.920166 -0.382751 -0.11908 0.315369
-51.5974 -8.31421 28.0081 -0.0592041 0.0634155 0.989563 -0.3797 -0.121521 0.334656
-47.1487 -11.1255 26.6997 -0.0202026 0.0306396 1.01105 -0.38916 -0.108643 0.324463
-39.5523 -16.6209 29.0324 -0.0362549 0.0458984 1.00104 -0.382996 -0.0730591 0.402161
-34.1391 -16.6733 28.868 -0.0255737 0.00537109 1.00739 -0.378296 -0.0979004 0.351929
-12.9498 -8.91235 25.9296 -0.0271606 0.0114746 0.973022 -0.38147 -0.0812378 0.348328
-4.45618 -1.17386 24.5763 -0.0291138 0.0147705 0.98761 -0.384583 -0.0734863 0.377808
0.500946 4.59076 22.251 -0.0197754 0.0184937 0.995728 -0.399475 -0.0549316 0.382751
-0.328979 3.6412 26.1015 -0.0447388 0.0390625 1.00739 -0.367432 -0.0749512 0.344055
10.0787 4.58328 34.7597 -0.0340576 0.0510254 0.963379 -0.377747 -0.0492554 0.381653
12.1573 6.62445 42.7898 -0.0182495 0.0565796 1.00403 -0.389099 -0.0702515 0.340515
18.5649 7.68616 55.2162 -0.0245972 0.0303955 0.981873 -0.375671 -0.0473633 0.356262
11.5068 11.4919 72.5923 -0.0463867 0.0116577 1.00677 -0.363281 -0.0645752 0.370605
14.3031 19.9556 90.2525 -0.0164795 0.0351562 0.98938 -0.368652 -0.0596924 0.375732
-12.2395 25.8099 62.9173 -0.00274658 0.0652466 0.937927 -0.364319 -0.0419922 0.373047
-41.0402 24.9052 70.5511 -0.0650024 0.0144043 1.00867 -0.343445 -0.039978 0.341064
-39.5149 18.9388 42.3112 -0.0693359 -0.0150757 1.00519 -0.339905 -0.0445557 0.377563
-26.5875 17.9593 35.7466 -0.0622559 -0.0621338 1.01434 -0.333252 -0.02771 0.369568
-14.3181 11.0881 30.7147 -0.0687866 -0.0870361 1.0462 -0.355774 -0.0284424 0.279724
-10.1086 8.01514 27.4174 -0.0896606 -0.0267944 1.02704 -0.362671 -0.0240479 0.323242
-1.98883 9.00955 26.7819 -0.0874023 -0.0319824 1.01868 -0.336121 -0.0523682 0.340637
8.52356 10.7591 23.4323 -0.076355 -0.0354004 1.04822 -0.336365 -0.0334473 0.295959
16.6658 7.80579 21.3089 -0.0713501 -0.0351562 1.04077 -0.332397 -0.0428467 0.328003
10.4227 0.777588 22.1388 -0.0784912 -0.00683594 1.00446 -0.350464 -0.0338135 0.312439
8.88992 -3.57391 25.4585 -0.092041 -0.0171509 1.0141 -0.33667 -0.0222778 0.308838
5.35339 -9.5105 24.7557 -0.105652 0.00701904 1.0061 -0.32843 -0.0509644 0.361816
29.5184 19.8135 28.0829 -0.140869 0.117249 0.852295 -0.326538 -0.0294189 0.334351
40.0757 28.6736 36.8382 -0.153198 0.0916748 1.03192 -0.327148 -0.0264282 0.332642
14.1013 11.3722 45.0552 -0.114319 0.0154419 1.03186 -0.325623 -0.0201416 0.335083
24.7856 15.3125 54.5134 -0.133972 0.0294189 1.05096 -0.308289 -0.0299683 0.42749
20.5911 15.5293 60.8238 -0.126038 -0.0409546 1.06689 -0.301392 -0.0201416 0.382446
8.64319 2.27295 51.418 -0.0981445 0.0139771 1.0932 -0.298584 -0.00250244 0.375244
3.68607 -10.146 45.2197 -0.0749512 -0.0198975 1.0069 -0.291077 -0.0117188 0.320557
-11.9928 -13.9069 33.7204 -0.0747681 0.00372314 0.987732 -0.30896 0.00518799 0.361023
-8.00766 -12.5311 28.1277 -0.0848389 0.0454712 0.982605 -0.29071 0.0130615 0.397583
-15.4845 -11.1404 28.6137 -0.0566406 -0.0155029 0.994385 -0.30896 -0.00946045 0.376587
-27.2754 -14.1237 26.6548 -0.0845947 -0.00616455 1.00903 -0.30072 -0.00469971 0.36969
-24.4043 -14.5648 19.5444 -0.0797119 -0.0165405 0.986084 -0.307678 0.00439453 0.337585
-9.52545 -5.56274 14.7218 -0.0734253 0.00292969 1.00665 -0.295532 0.00567627 0.353149
0.0747681 -2.4823 13.1367 -0.0786743 0.0214233 0.899292 -0.300781 0.0149536 0.378723
-2.5795 3.7384 21.4211 -0.126282 0.162781 1.05444 -0.305725 0.0215454 0.381897
-33.1073 -8.55347 33.7802 -0.0712891 -0.019104 1.07532 -0.293884 0.0228271 0.328491
-24.9202 -13.7723 32.5989 -0.0924072 0.00738525 1.01251 -0.307373 0.00543213 0.34021
-17.8845 -9.45816 35.4849 -0.0558472 -0.0680542 1.04041 -0.300598 0.0218506 0.342896
-27.0959 -12.262 32.3746 -0.0842285 -0.0215454 0.998535 -0.322144 0.0334473 0.36554
-20.808 -11.604 33.541 -0.0603027 -0.0441895 1.02509 -0.279785 0.0290527 0.36377
-20.5687 -10.5722 36.0233 -0.0432129 -0.0393677 1.01056 -0.295837 0.0464478 0.361694
-14.5872 -7.7684 42.5879 -0.0127563 -0.0644531 1.05042 -0.279785 0.0594482 0.373901
-15.2078 -9.84695 46.8721 -0.0333862 -0.0596313 1.01416 -0.287476 0.0407104 0.335876
-19.8434 -13.4283 51.5825 -0.0250244 -0.0394287 0.986389 -0.303467 0.0326538 0.351196
-17.5032 -7.35718 65.6015 -0.00915527 -0.0835571 0.94873 -0.269348 0.0374756 0.341064
-31.5446 -0.979462 71.396 0.0106201 -0.00769043 0.937317 -0.273804 0.0718384 0.315918
-35.1111 9.27124 70.6708 -0.0172119 -0.0889282 0.994629 -0.25531 0.0640869 0.315979
-33.7054 13.4583 70.6483 -0.0452881 -0.0946655 0.992432 -0.2453 0.0766602 0.30011
-27.4698 20.5687 68.6595 -0.0908813 -0.13562 1.0058 -0.252258 0.0614624 0.330811
-24.2697 15.1779 66.6931 -0.113464 -0.158875 1.00702 -0.252563 0.090271 0.31073
-17.3238 3.08044 67.6875 -0.162354 -0.183044 1.06165 -0.236633 0.0662231 0.296936
-13.1517 -2.94586 63.4706 -0.133484 -0.127258 0.996399 -0.22522 0.0579224 0.300415
-0.0149536 -5.17395 57.1976 -0.151184 -0.154053 1.01306 -0.232056 0.0864868 0.318604
2.5795 -3.27484 46.2141 -0.146301 -0.128784 0.966858 -0.223694 0.0557861 0.303406
5.2861 -6.19827 39.5747 -0.104553 -0.142395 0.987915 -0.20752 0.0813599 0.30542
8.78525 -7.99271 42.1692 -0.0296631 -0.107361 0.940979 -0.212402 0.0759277 0.32843
16.292 -11.9853 45.4216 -0.125427 -0.143555 1.00775 -0.21228 0.0906372 0.3172
15.2676 -3.94775 38.9915 -0.0728149 -0.125061 0.967041 -0.193176 0.0744019 0.336792
16.7854 1.69724 34.2064 -0.0293579 -0.10675 0.950317 -0.205872 0.102295 0.297241
17.2191 1.24115 37.3093 -0.108826 -0.0979004 0.973755 -0.191711 0.0845947 0.343811
10.789 6.90109 34.2363 -0.0908813 -0.118103 0.971802 -0.199402 0.0913086 0.33075
4.09729 2.42249 38.0794 -0.0529175 -0.116272 1.0188 -0.177002 0.0800171 0.34552
0.493469 5.95901 40.1505 -0.0444336 -0.10553 1.00256 -0.202087 0.0996704 0.319275
-0.381317 10.7143 31.1185 -0.0456543 -0.0942383 0.985413 -0.186035 0.0878906 0.36322
-0.695343 11.7012 23.8286 -0.0784302 -0.0800781 0.987366 -0.166382 0.090332 0.315796
-3.8356 17.0845 17.4434 -0.178894 -0.126953 1.02179 -0.168701 0.0932007 0.329529
-1.65237 13.69 26.2436 -0.117371 -0.100647 1.01416 -0.173035 0.0934448 0.330872
4.94217 10.0563 29.3539 -0.190857 -0.122009 1.02875 -0.164246 0.0769653 0.335205
2.53464 10.3703 24.9426 -0.188782 -0.0869141 0.997925 -0.149048 0.0767212 0.32074
1.90659 5.71976 13.877 -0.188965 -0.112366 1.02173 -0.168945 0.0785522 0.266724
6.58707 6.90109 21.3837 -0.171509 -0.081665 1.00763 -0.157104 0.0751343 0.337708
11.275 9.04694 29.0848 -0.178528 -0.0761108 1.00055 -0.142883 0.078064 0.274719
10.2731 7.0282 35.1485 -0.1427 -0.0767212 1.00031 -0.139404 0.0796509 0.296204
10.1834 7.76093 33.9671 -0.0287476 -0.0795898 0.97522 -0.13739 0.0758057 0.281311
13.1293 10.647 31.096 -0.252014 -0.0627441 0.991577 -0.125305 0.0836792 0.32196
1.41312 10.961 30.0568 -0.15448 -0.0725708 0.991821 -0.143005 0.0673218 0.270813
-2.09351 7.80579 29.2642 -0.0667114 -0.0857544 0.979492 -0.157471 0.0767822 0.365845
-3.52905 8.68057 34.2363 -0.260193 -0.0663452 0.986755 -0.12384 0.0613403 0.334045
-10.6096 5.8992 36.0083 -0.166077 -0.0787964 1.0105 -0.113403 0.0756226 0.324097
-12.404 1.5477 32.4419 -0.100525 -0.0740356 0.961609 -0.101074 0.0533447 0.336609
-15.006 -0.366364 37.2719 -0.320374 -0.036377 0.980896 -0.101624 0.0690918 0.307251
-17.7724 -4.57581 37.9448 -0.267151 -0.0593872 1.01923 -0.114197 0.0631104 0.306641
-16.0826 -7.37213 38.7598 -0.223877 -0.0947876 1.0202 -0.121033 0.0706787 0.326599
-8.93478 -11.3872 48.2179 -0.241394 -0.0966797 1.02142 -0.0960083 0.0791016 0.309204
-7.20016 -14.3181 57.9602 -0.191345 -0.0849609 1.00342 -0.0923462 0.0551758 0.290649
-2.00378 -13.5555 70.0577 -0.0700073 -0.103271 0.997498 -0.102722 0.0790405 0.286865
17.4583 -8.69553 85.4898 -0.241394 -0.0506592 0.968994 -0.0945435 0.0578613 0.305969
37.5261 -27.1483 106.29 -0.258057 -0.0245972 1.03668 -0.0789795 0.0587158 0.302612
29.6605 -11.2077 95.6882 -0.1604 -0.0197144 0.983948 -0.0813599 0.0505981 0.26416
31.1409 -7.94785 86.1029 -0.196289 -0.0406494 1.0448 -0.0783691 0.0474243 0.294189
31.8512 -10.5872 79.8972 -0.136719 -0.0285645 1.02179 -0.0567017 0.0220337 0.30603
36.0382 -7.28989 71.1194 -0.0411377 -0.0455933 1.02417 -0.0402222 0.0280762 0.34375
38.3336 -5.78705 61.4893 -0.21228 0.0234985 1.00989 -0.0560303 0.0359497 0.334045
21.1967 -7.29736 58.4163 -0.0944214 0.0748291 1.00909 -0.0617676 0.0249023 0.316772
23.7762 -7.7684 61.25 -0.172974 0.0942993 1.02325 -0.0378418 0.0144043 0.360107
4.24683 -3.44681 58.3415 -0.151611 0.0648193 0.959229 -0.0476074 0.0322266 0.310669
-13.1667 4.16458 55.4929 -0.145996 0.0737305 0.976501 -0.0563354 0.0150146 0.327942
-13.8844 8.09738 53.347 -0.131653 0.0704956 0.955139 -0.0291748 0.0291138 0.303955
-17.8621 11.4619 46.8945 -0.146729 0.00158691 1.03223 -0.0165405 0.0202637 0.34375
-19.7238 10.1161 41.6234 -0.17395 0.024353 1.02679 -0.0219116 0.00878906 0.314575
-17.6228 9.63013 32.0979 -0.161499 0.0300903 1.01044 -0.0221558 0.00134277 0.308167
-20.8827 9.79462 25.9146 -0.154968 0.0587769 0.944702 -0.0231934 0.020752 0.299622
-18.9088 11.2601 27.1184 -0.165588 0.0717773 0.978149 -0.0241089 0.0222168 0.333069
-14.7592 18.1313 32.0157 -0.229797 0.0488281 1.00336 -0.00775146 0.00878906 0.311279
-10.004 17.234 39.1261 -0.209412 0.0195923 1.00897 -0.00720215 0.0240479 0.338562
-0.942078 13.533 39.6944 -0.235107 -0.0350342 1.08221 0.00921631 0.00115967 0.291382
1.49536 6.0936 35.5597 -0.208618 0.0147705 1.03754 0.0112915 0.0186768 0.336365
3.14774 4.58328 35.7092 -0.217957 0.0357666 1.00452 -0.00842285 0.0147095 0.329895
3.6412 4.91974 38.6476 -0.202087 0.0478516 1.01691 0.0109863 0.0055542 0.298401
3.24493 3.95523 41.758 -0.18811 0.0487671 0.986389 0.0118408 0.00524902 0.32251
5.31601 4.33655 43.2832 -0.174561 0.0283203 1.00079 0.00714111 0.0108643 0.307251
9.06937 3.00568 41.4365 -0.171387 0.0307617 0.989441 0.00921631 -0.00799561 0.326294
4.29916 1.85425 36.1728 -0.177185 0.0430298 0.969421 0.0231934 -0.0100708 0.290955
1.9664 0.396271 35.6569 -0.194153 0.0469971 0.994873 0.0192261 0.000854492 0.338257
-3.27484 -1.14395 32.4792 -0.191589 0.0512085 0.995178 0.0101929 -0.0167236 0.37915
-2.83371 0.493469 31.2456 -0.212769 0.0560303 0.994263 0.00720215 -0.0265503 0.302856
-4.81506 1.07666 31.268 -0.204651 0.057251 0.995422 0.0149536 -0.0418701 0.361145
-7.58148 0.986938 31.1633 -0.221008 0.0685425 0.990112 0.0206909 -0.0164795 0.329529
-13.6601 3.22998 32.0755 -0.202026 0.0471802 0.995789 0.0305786 -0.0198364 0.30188
-14.5499 3.56644 32.6961 -0.231934 0.00830078 1.06232 0.0141602 -0.020813 0.350281
-17.6079 -3.22998 29.4063 -0.232666 0.0414429 1.04889 0.0465088 -0.0580444 0.246887
-12.2021 -9.27872 35.6793 -0.244507 0.0637207 1.03235 0.0291138 -0.0148315 0.314636
-10.4376 -14.6545 42.8122 -0.219971 0.0783691 1.00244 0.0389404 -0.0396118 0.324951
-12.2171 -20.0378 51.2984 -0.178589 0.0452271 0.992065 0.0211182 -0.0285034 0.300964
-10.4974 -18.3855 52.532 -0.130127 0.0240479 0.962158 0.0222778 -0.038147 0.304199
-5.80948 -13.2788 49.4965 -0.136169 0.0276489 0.953735 0.0239258 -0.0308228 0.329407
-2.6767 -7.5441 48.8161 -0.132996 0.0734253 0.906799 0.0308228 -0.0422974 0.324646
1.40564 2.47482 54.4087 -0.121887 0.0801392 0.919617 0.0192261 -0.0483398 0.323181
8.0899 11.3274 60.0687 -0.147461 0.0437012 0.956848 0.0246582 -0.0584717 0.332581
12.419 15.7686 60.0014 -0.187683 0.0340576 1.00854 0.020752 -0.0605469 0.305359
8.98712 17.1144 54.3639 -0.207764 0.0235596 1.06024 0.0584106 -0.0626831 0.289673
1.69724 11.2227 47.5824 -0.217041 0.0391235 1.05371 0.0524902 -0.0791016 0.331543
-5.93658 6.10107 41.6084 -0.203003 0.0304565 1.0423 0.0423584 -0.0783691 0.293762
-8.87497 3.28232 39.4177 -0.186829 0.043335 1.01093 0.0599365 -0.0663452 0.294495
-15.2153 0.687866 35.5746 -0.164001 0.0255737 0.990417 0.0646973 -0.0650024 0.294556
-15.7835 1.39816 32.3447 -0.157715 0.00415039 1.00305 0.0670776 -0.0773315 0.302795
-11.8732 4.59076 26.9838 -0.16626 0.0118408 0.996887 0.0633545 -0.0646973 0.297485
-8.62823 5.00946 23.4024 -0.166077 0.0195312 1.00372 0.0441284 -0.0578613 0.331909
-9.90677 3.45428 19.5369 -0.169128 0.0143433 0.995361 0.0621338 -0.0684204 0.331482
-3.88794 5.39825 18.6995 -0.179382 0.0340576 0.99408 0.0637817 -0.0684814 0.332581
-1.57013 5.92911 21.1295 -0.222412 0.0541382 1.01831 0.0600586 -0.0692749 0.303284
-17.7798 -6.80389 26.752 -0.250427 0.133057 1.02765 0.0546265 -0.0965576 0.349121
-21.7351 -8.17215 26.8044 -0.235779 0.0893555 1.02728 0.0463867 -0.0864868 0.26709
-16.5836 -5.90668 35.5821 -0.208069 0.0864868 0.967712 0.069519 -0.0975342 0.307556
-16.7705 -2.18323 38.5579 -0.163818 -0.00482178 1.02399 0.0527954 -0.0838623 0.306396
-8.6731 -0.0149536 38.9018 -0.100464 -0.0583496 1.01971 0.0355835 -0.0893555 0.31842
-1.15143 2.96829 33.997 -0.118286 -0.0747681 1.00598 0.0350952 -0.0958252 0.299805
0.336456 2.93091 30.0418 -0.152832 -0.0738525 1.00854 0.0669556 -0.0930786 0.31134
-4.673 -0.957031 29.2941 -0.181213 -0.0489502 1.02411 0.0656128 -0.0871582 0.306946
-6.84128 -4.53094 23.1931 -0.1745 -0.0239258 1.00598 0.0588989 -0.0933228 0.338318
-7.70859 -4.40384 18.7144 -0.180847 0.0352173 0.985107 0.0463867 -0.112122 0.330139
-5.65247 -3.7384 17.1967 -0.163208 0.0698853 0.973755 0.0669556 -0.0982056 0.324158
2.34024 -4.7702 25.5931 -0.214844 0.123108 0.969482 0.0425415 -0.115906 0.355957
10.7816 -1.4505 45.9375 -0.195557 0.0791016 0.94458 0.0769653 -0.098877 0.35968
18.6322 5.39078 65.9454 -0.19104 0.0529785 0.956299 0.071106 -0.127014 0.313782
19.993 15.649 70.424 -0.174255 0.0517578 0.968262 0.0535278 -0.128723 0.323547
30.9241 13.1442 73.9157 -0.249695 0.0319214 1.05017 0.0650024 -0.162781 0.26001
25.1595 14.1985 71.2016 -0.236633 0.0245361 0.972534 0.0650024 -0.167358 0.308105
21.5482 21.5033 62.4837 -0.219849 0.00933838 1.05652 0.0672607 -0.14801 0.32196
10.2507 13.3386 55.3134 -0.136292 -0.065979 1.04291 0.0650635 -0.181274 0.353027
-18.5126 0.291595 24.995 -0.189087 0.0853271 1.01196 0.0633545 -0.153992 0.33197
-14.2134 -1.4505 25.3688 -0.177246 0.0756836 0.993896 0.0479126 -0.175537 0.333191
-13.6826 -1.52527 26.6025 -0.173035 0.0805664 0.999451 0.050354 -0.170227 0.327759
-15.2377 4.85245 37.1971 -0.192444 0.0977173 1.0473 0.0549316 -0.17218 0.344238
-11.9031 0.321503 44.9879 -0.192749 0.0551147 1.02618 0.057312 -0.16925 0.293457
-5.02441 -4.4487 38.9093 -0.191833 0.0432739 1.03577 0.0634766 -0.163086 0.33197
-11.7685 -10.1535 30.3035 -0.18042 0.0321045 1.01471 0.0489502 -0.170532 0.357117
-11.8956 -10.1685 25.451 -0.190491 0.0479736 1.03711 0.0582886 -0.177856 0.341614
-15.4097 -12.4489 15.5667 -0.182739 0.0581665 1.0144 0.0352173 -0.174561 0.345093
-17.1368 -15.2676 11.761 -0.180481 0.0657349 1.01111 0.043396 -0.198364 0.303467
-16.4864 -19.4621 13.5405 -0.164856 0.055542 0.994995 0.0462036 -0.159119 0.352295
-15.9779 -20.1799 14.176 -0.151001 0.0632935 0.953003 0.0279541 -0.169617 0.337891
-7.24503 -11.761 16.7555 -0.129333 0.048645 0.975891 0.0413208 -0.171631 0.349915
-7.38708 -11.2451 18.5275 -0.130188 0.0656128 0.960266 0.0339355 -0.190186 0.367676
-3.30475 -7.70859 22.4229 -0.130676 0.0495605 0.979675 0.0452881 -0.176392 0.34906
-1.30844 -7.70859 23.5445 -0.119812 0.0308838 0.942444 0.0493164 -0.19281 0.340149
-4.93469 -5.06927 22.1239 -0.133179 0.0196533 0.953247 0.0386963 -0.188477 0.366516
-13.3311 2.11594 17.7873 -0.141846 0 0.997192 0.0197754 -0.1828 0.377136
-10.8862 7.02072 15.8508 -0.16095 0.0231934 1.00494 0.0531006 -0.17804 0.363525
5.16647 3.14774 19.7014 -0.134766 -0.026123 1.00989 0.0401001 -0.198364 0.345581
38.6925 -0.740204 27.1782 -0.204834 -0.0152588 1.00055 0.0325317 -0.217346 0.371033
57.0705 -1.95892 25.6529 -0.242065 -0.0187378 1.19391 0.0292969 -0.199585 0.38208
51.3881 -20.322 8.14972 -0.110229 -0.109314 0.989502 0.0300293 -0.229919 0.376526
24.494 -16.4565 -14.0041 -0.0933228 0.0430298 0.945679 0.0309448 -0.205261 0.356567
14.976 -14.9611 -10.9012 -0.182251 0.201782 1.01764 0.0102539 -0.216736 0.356201
12.6807 -14.1386 0.717773 -0.186462 0.133362 0.921814 0.0176392 -0.236938 0.334351
3.20007 -8.6058 16.3219 -0.13446 -0.017395 0.914917 0.0289917 -0.229065 0.367859
-2.82623 -2.9982 -0.0747681 -0.0910645 0.0925903 0.867065 0.0310669 -0.223511 0.295044
-2.94586 3.34213 -1.26358 -0.0629272 0.128113 0.917908 0.0205688 -0.227844 0.35083
-7.34222 14.9387 2.04117 -0.139282 0.0646362 0.993225 0.0308228 -0.224121 0.328918
-6.55716 20.0528 -6.34781 -0.10498 0.0776978 1.10162 0.0264893 -0.207947 0.373535
-12.0825 10.6544 -10.1685 -0.0443726 0.16333 1.09283 0.0302124 -0.229919 0.2901
-16.4191 6.03378 -1.48041 -0.0325928 0.161011 1.021 0.0273438 -0.225464 0.367615
-15.8134 5.79453 2.8038 -0.0496826 0.103577 1.0462 0.039917 -0.21698 0.372925
-16.5611 11.3274 3.17017 -0.085022 0.0810547 1.07184 0.0194092 -0.194946 0.35144
-19.9257 9.9292 0.568237 -0.112549 0.0856934 1.06934 0.0444336 -0.193726 0.352844
-23.5519 5.50293 2.92343 -0.135254 0.0574951 1.04279 0.015564 -0.209534 0.338135
-19.3874 -2.11594 2.50473 -0.128052 0.0822754 0.973389 0.0334473 -0.206299 0.361084
-13.4508 -0.104675 7.23755 -0.162537 0.0443115 0.992493 0.0339355 -0.221191 0.356384
-12.4265 3.05801 4.56833 -0.17572 0.0269775 1.02454 0.0292358 -0.194641 0.366516
-11.1554 1.00937 1.2262 -0.170898 0.0474854 0.978699 0.0195312 -0.197937 0.34729
-9.99649 3.13278 0.127106 -0.189392 0.0283203 0.970398 0.027771 -0.187012 0.371887
-7.58148 4.03748 -1.41312 -0.192749 0.0304565 0.972168 0.0422974 -0.191833 0.327881
-2.59445 4.05243 -4.2543 -0.163696 0.0501709 0.968811 0.0281982 -0.186035 0.350159
-1.81686 4.92722 -2.23557 -0.154663 0.0515747 0.976868 0.0447388 -0.192017 0.34198
0.157013 5.55527 -0.35141 -0.163269 0.0350342 0.973938 0.0305786 -0.197571 0.348328
1.83929 7.41699 -1.10657 -0.146667 0.0283203 0.991882 0.0441895 -0.181702 0.359619
1.95892 7.92542 -3.24493 -0.151917 0.0464478 1.00598 0.052124 -0.216614 0.350403
2.54211 8.35907 -3.43185 -0.152283 0.0220947 1.00409 0.0316772 -0.211853 0.357971
1.62247 4.92722 -5.2562 -0.156921 0.0281372 0.99353 0.0303345 -0.19104 0.35437
2.08603 4.18701 -5.54031 -0.152771 0.0278931 0.989868 0.036438 -0.201538 0.356689
1.59256 5.07675 -5.86929 -0.163513 0.0182495 1.01538 0.0354614 -0.195984 0.296448
1.00937 3.46176 -8.23944 -0.132446 0.0736694 0.999634 0.0487061 -0.193542 0.366943
-0.127106 5.72723 -6.92352 -0.124878 0.0768433 1.0202 0.0391235 -0.232239 0.301819
-0.508423 6.87119 -3.24493 -0.133972 0.0760498 1.03363 0.0422974 -0.223267 0.332336
0.291595 6.5123 -3.25989 -0.152405 0.116211 1.01697 0.0457153 -0.218079 0.292969
-0.508423 8.06 1.48788 -0.165833 0.0678101 1.07422 0.0306396 -0.212646 0.260254
-2.60941 0.299072 1.65985 -0.178162 0.0375977 1.03967 0.055481 -0.221191 0.329834
-1.99631 -3.5141 1.76453 -0.193237 0.0184937 0.972229 0.0530396 -0.210999 0.291077
-1.12152 -3.17764 1.82434 -0.196167 -0.0318604 0.958984 0.0489502 -0.241455 0.301025
-0.37384 0 -3.03558 -0.200195 -0.0166626 0.949341 0.0454102 -0.204163 0.304626
0.971985 5.20386 -7.74597 -0.225647 0.0151978 0.974304 0.0452271 -0.218689 0.360352
1.87668 7.91794 -9.13666 -0.221741 0.0287476 1.03644 0.0426025 -0.226868 0.334106
1.11404 2.04117 -10.6245 -0.21521 0.0697021 1.03473 0.0509644 -0.202698 0.279541
-0.882263 -3.32718 -8.24692 -0.220398 0.0643921 1.02844 0.0338135 -0.196594 0.28949
-3.33466 -7.45438 -7.73849 -0.173157 0.0627441 1.00854 0.0522461 -0.198792 0.347778
-1.98135 -6.34033 -7.55905 -0.147217 0.0697632 0.969971 0.0413208 -0.197571 0.328552
-1.24115 -2.31033 -5.51788 -0.14325 0.0534058 0.983582 0.0524902 -0.198669 0.371033
-1.40564 -0.545807 -5.82443 -0.122864 0.0544434 0.990051 0.0414429 -0.189514 0.393066
-0.732727 2.40005 -5.74966 -0.13501 0.0634155 0.992981 0.0620728 -0.187256 0.365051
-0.104675 6.1908 -2.69913 -0.145691 0.0401611 1.02216 0.0453491 -0.192688 0.334351
-0.710297 5.2562 -3.1926 -0.171936 0.0473633 1.01782 0.0496826 -0.202087 0.351013
-1.3533 4.42627 -2.81128 -0.193237 0.053772 1.02979 0.0545654 -0.198059 0.38092
-2.02621 1.9664 -1.18881 -0.205078 0.039978 1.02734 0.0491943 -0.213196 0.357361
-2.64679 -1.04675 -1.58508 -0.205017 0.0446777 0.986572 0.0404053 -0.194275 0.345459
-2.6767 1.6449 -1.60751 -0.207581 0.0346069 0.994019 0.0595093 -0.178162 0.387878
-2.25052 1.75705 -2.93839 -0.20697 0.048584 1.01074 0.0571289 -0.20166 0.371704
-2.40005 -0.919647 -2.3851 -0.205566 0.0332031 1.00085 0.0568237 -0.208008 0.343079
-2.15332 -5.08423 -2.02621 -0.187744 0.0237427 0.958496 0.0412598 -0.203918 0.332764
-0.605621 -3.67111 -3.26736 -0.174255 0.0292969 0.947937 0.0452881 -0.209045 0.303955
0.0598145 1.9664 -3.7085 -0.166748 0.0371704 0.982178 0.0495605 -0.214722 0.324829
-0.0523376 2.21313 -2.34772 -0.189026 0.0303955 0.999023 0.0490112 -0.209839 0.259583
0.0149536 2.75894 -2.73651 -0.190979 0.0132446 1.01105 0.0480957 -0.204651 0.289185
-0.112152 1.42807 -4.70291 -0.189087 0.0438843 1.0047 0.0407715 -0.210205 0.271179
-0.201874 3.32718 -3.07297 -0.189941 0.0325928 1.01581 0.0549316 -0.207458 0.283508
-0.216827 3.27484 -3.16269 -0.197144 0.03479 1.02283 0.0361328 -0.194275 0.337341
-0.672913 0.620575 -4.41879 -0.196167 0.0444336 1.02045 0.050354 -0.207153 0.320801
-0.568237 -0.568237 -3.75336 -0.184753 0.0393066 1.00879 0.0610352 -0.210205 0.326111
-1.18881 -1.2561 -4.83749 -0.17572 0.0564575 0.986328 0.0550537 -0.21051 0.320312
-0.70282 1.85425 -4.11972 -0.177612 0.0631714 1.00098 0.0430908 -0.206787 0.316345
-0.942078 1.42059 -2.63184 -0.182434 0.0571289 1.01294 0.0441284 -0.191711 0.318176
-1.27853 0.70282 -2.13089 -0.185242 0.0557251 1.01501 0.041687 -0.192444 0.330322
-1.08414 -0.127106 -1.23367 -0.187134 0.0404663 1.0105 0.0634155 -0.179138 0.342224
-1.18134 -0.104675 -1.63742 -0.175659 0.0436401 0.992432 0.0366821 -0.201355 0.314392
-1.09909 0.336456 -1.9664 -0.182373 0.0440063 0.989258 0.0371094 -0.210815 0.302917
-0.269165 0.112152 -1.33835 -0.184875 0.0482178 1.00293 0.0491333 -0.178528 0.340027
-0.366364 1.29349 -1.11404 -0.192627 0.0491943 1.0022 0.0419312 -0.192505 0.34375
-0.710297 -0.35141 0.493469 -0.211426 0.0223999 0.993469 0.0602417 -0.194885 0.33844
-1.19629 -1.41312 -0.792542 -0.212341 0.013916 0.980652 0.0571289 -0.187317 0.328796
0.127106 -1.36826 -3.60382 -0.209534 0.02948 0.983276 0.0348511 -0.205566 0.345459
0.665436 -1.04675 -4.53842 -0.184082 0.0463257 0.993225 0.041626 -0.193481 0.323975
0.800018 -1.16638 -3.67859 -0.185364 0.0536499 0.986694 0.0554199 -0.177002 0.318542
0.0299072 -0.800018 -2.72903 -0.190857 0.0441895 0.98999 0.0661011 -0.185791 0.337402
0.261688 0.971985 -1.87668 -0.192017 0.0349121 1.00806 0.0455322 -0.183044 0.319092
0.0897217 0.403748 -2.65427 -0.190063 0.0344849 1.00739 0.057251 -0.191284 0.360779
0.037384 0.508423 -3.97018 -0.192383 0.0454712 1.00104 0.0366211 -0.2146 0.39386
0.321503 0.500946 -3.28979 -0.180237 0.052124 1.01892 0.0280151 -0.192078 0.341614
-0.388794 -0.687866 -2.63184 -0.182861 0.0647583 1.01221 0.0510864 -0.176941 0.395325
-0.628052 -0.717773 -1.08414 -0.183716 0.0445557 1.00507 0.0598145 -0.191345 0.338501
-0.657959 0.171967 -2.39258 -0.176147 0.053894 0.999451 0.057373 -0.186096 0.325867
-1.34583 0.657959 -1.07666 -0.191589 0.0554199 0.99408 0.0484009 -0.219055 0.345337
-1.15891 0.314026 0.0224304 -0.192383 0.0323486 1.00397 0.0429688 -0.21228 0.271545
-1.89163 -0.471039 -0.949554 -0.193787 0.0427246 0.988892 0.0482788 -0.21582 0.249634
-1.06171 -0.0672913 -1.51779 -0.202576 0.0363159 0.987915 0.0531006 -0.213562 0.305908
-0.904694 0.523376 -2.48978 -0.201782 0.0396118 0.989136 0.0346069 -0.200684 0.320618
-1.26358 0.478516 -3.6412 -0.196594 0.0571289 0.993774 0.0317383 -0.207642 0.325134
-1.3533 -1.01685 -1.75705 -0.194153 0.0444946 0.987793 0.048584 -0.215942 0.298584
-0.762634 0.269165 -2.91595 -0.191101 0.0426025 0.979126 0.0320435 -0.223694 0.278503
0.037384 1.84677 -3.49167 -0.193481 0.0437622 0.986389 0.0640259 -0.205078 0.338684
0.179443 1.3533 -2.84119 -0.19519 0.0354004 0.994629 0.0462646 -0.202576 0.273193
-0.381317 1.87668 -3.94775 -0.192139 0.0565186 1.00983 0.0570679 -0.193054 0.330994
-0.53833 1.9664 -3.54401 -0.192749 0.0613403 1.0274 0.067627 -0.213501 0.351257
-1.71219 -0.613098 -1.69724 -0.189819 0.0474854 1.01007 0.0402222 -0.185181 0.344116
-1.92154 -1.2262 -1.52527 -0.188293 0.0446167 0.986206 0.0519409 -0.184875 0.331848
-0.800018 -0.553284 -1.15143 -0.192993 0.0354004 0.986572 0.0478516 -0.207886 0.347351
-1.06171 2.42249 -2.45239 -0.192139 0.041748 1.00787 0.0437622 -0.201965 0.352783
-0.904694 0.291595 -2.47482 -0.198486 0.0542603 1.00977 0.0380859 -0.203735 0.288025
-1.18881 -0.179443 -1.57013 -0.191467 0.0483398 0.997986 0.0556641 -0.198364 0.337036
-1.23367 0.104675 -1.21872 -0.20459 0.0428467 0.998718 0.0524902 -0.17749 0.346558
-1.21872 0.246735 -1.28601 -0.20697 0.0321045 0.99884 0.0619507 -0.190308 0.32666
-0.785065 0.463562 -2.78885 -0.193726 0.0455322 0.98645 0.0393066 -0.226501 0.269104
-0.590668 0.568237 -2.34024 -0.193176 0.0452881 0.987671 0.0509644 -0.205688 0.342163
-0.381317 0.381317 -2.2879 -0.188049 0.0410156 0.998108 0.0518799 -0.196838 0.305786
-0.18692 1.21872 -3.21503 -0.187866 0.0529785 0.998108 0.0599976 -0.198242 0.327515
0.179443 0.463562 -1.92154 -0.190918 0.0393066 0.990906 0.0562134 -0.183716 0.298462
-0.239258 2.66922 -3.21503 -0.198547 0.0402832 0.999817 0.0692139 -0.21106 0.379883
-0.0224304 3.23746 -3.56644 -0.197754 0.0509033 1.0116 0.0567627 -0.201721 0.310669
-0.321503 1.2262 -2.62436 -0.208557 0.0460205 1.00879 0.0632324 -0.189758 0.345825
-0.844879 -0.0598145 -2.85614 -0.19635 0.0583496 1.00031 0.0699463 -0.179138 0.377991
-0.291595 -0.710297 -2.1907 -0.208435 0.0492554 0.999023 0.0545654 -0.188721 0.332092
-0.844879 0.261688 -2.02621 -0.204895 0.0394287 0.999146 0.0563965 -0.201538 0.329041
-0.643005 -0.37384 -3.14774 -0.198792 0.0513916 0.98468 0.0480957 -0.200439 0.304993
-0.957031 -0.291595 -1.82434 -0.205933 0.0391235 0.988892 0.0661011 -0.173035 0.311646
-1.15143 -0.994415 -3.10287 -0.201599 0.0402222 0.979248 0.0593872 -0.207336 0.377747
-0.336456 0.717773 -3.34213 -0.202087 0.0513306 0.9823 0.060791 -0.180115 0.414429
-0.246735 1.60004 -3.39447 -0.199036 0.0388794 1.00226 0.0743408 -0.201721 0.340576
0.0448608 0.284119 -3.92532 -0.196655 0.0548096 0.991821 0.0506592 -0.194031 0.331543
-0.343933 1.18134 -3.87299 -0.208191 0.0558472 1.00378 0.0690308 -0.192139 0.362244
-0.157013 0.598145 -2.02621 -0.199341 0.0379028 1.0155 0.0442505 -0.193298 0.291687
-0.605621 -0.388794 -3.85056 -0.198975 0.0529175 0.996216 0.053833 -0.1922 0.36676
0.261688 1.03928 -3.33466 -0.204102 0.0480957 1.00659 0.0709839 -0.187317 0.343323
-0.0822449 0.829926 -4.14963 -0.200562 0.0567627 1.00922 0.0574341 -0.202637 0.330322
-0.53833 -0.343933 -3.56644 -0.191467 0.0706787 1.00275 0.0541382 -0.201111 0.329407
-0.500946 -1.51779 -0.859833 -0.206665 0.0456543 0.987061 0.0541992 -0.205261 0.384521
-0.70282 -0.72525 -1.07666 -0.204224 0.0345459 0.992432 0.0569458 -0.175293 0.346619
-1.10657 0.306549 -2.54211 -0.214783 0.0400391 0.983276 0.0488281 -0.192688 0.316956
-0.897217 0.53833 -3.05054 -0.214844 0.0429688 1.00232 0.0487061 -0.192566 0.365051
-1.49536 -0.403748 -3.99261 -0.203735 0.0536499 0.983887 0.0540161 -0.195435 0.354919
-0.291595 0.269165 -3.67859 -0.207458 0.0549316 0.992981 0.03302 -0.186096 0.322327
-0.523376 0.807495 -2.40753 -0.208252 0.0430298 1.0119 0.0618286 -0.210999 0.312378
-0.964508 0.231781 -3.20755 -0.205688 0.0463867 1.00146 0.0771484 -0.171326 0.358887
-1.20377 0.710297 -3.02811 -0.203003 0.0479736 1.00433 0.0523682 -0.179993 0.320435
-1.47293 0.859833 -2.91595 -0.203369 0.0505371 1.01306 0.0533447 -0.199707 0.363892
-1.89911 -0.366364 -3.2225 -0.202515 0.0613403 1.00671 0.0627441 -0.204407 0.331604
-2.18323 -1.33087 -2.17575 -0.191833 0.0576782 1.008 0.0472412 -0.211548 0.341797
-2.7739 -1.68976 -1.34583 -0.197266 0.0526123 0.99292 0.0422363 -0.182556 0.332214
-2.01126 -0.665436 -1.00937 -0.19812 0.0413818 0.993225 0.0548096 -0.199585 0.333374
-1.68228 -0.837402 -1.6748 -0.207092 0.0408325 0.981384 0.0586548 -0.200684 0.339539
-1.24115 -0.829926 -1.63742 -0.210388 0.0426025 0.985352 0.0585938 -0.179932 0.339233
-1.0318 -0.239258 -1.65985 -0.211304 0.038147 0.980164 0.0617676 -0.188416 0.350464
-0.276642 1.27853 -3.30475 -0.207092 0.0430298 0.995728 0.0593872 -0.190186 0.360046
-0.56076 1.52527 -3.70102 -0.205688 0.0518188 1.00531 0.057373 -0.197388 0.31958
-0.919647 1.15891 -3.37952 -0.204285 0.0531006 1.01495 0.0455933 -0.201538 0.334534
-1.01685 -0.927124 -2.1907 -0.198975 0.0463257 1.00104 0.0448608 -0.205444 0.300842
-0.523376 -1.76453 -2.48978 -0.192139 0.0444946 0.990845 0.0456543 -0.198364 0.372253
-0.717773 -0.246735 -2.87857 -0.188477 0.0497437 1.00287 0.0700073 -0.183044 0.324707
-0.785065 0.56076 -2.87857 -0.190796 0.0601807 0.998779 0.0559082 -0.215088 0.380127
-1.13647 0.770111 -1.71967 -0.203552 0.050293 1.00995 0.045166 -0.183472 0.296753
-1.27106 -1.7421 -1.68976 -0.200317 0.0412598 0.996643 0.0626831 -0.187317 0.349182
-1.38321 -1.33835 -2.1907 -0.208557 0.0481567 0.980713 0.0509033 -0.180542 0.351746
-0.635529 1.129 -1.97388 -0.205994 0.0400391 1.01599 0.0641479 -0.187378 0.337891
-1.15891 0.299072 -2.52716 -0.209961 0.0457153 0.990845 0.0499878 -0.18927 0.360291
-1.62994 -0.770111 -1.95145 -0.210632 0.031311 0.99408 0.071228 -0.197266 0.328857
-1.49536 -0.441132 -2.9982 -0.209167 0.0377197 0.987793 0.0581055 -0.19751 0.324036
-0.104675 0.239258 -3.9328 -0.19989 0.0593262 0.992004 0.0513306 -0.194275 0.313416
-0.792542 0.852356 -2.54211 -0.198486 0.046814 1.01239 0.0460205 -0.180298 0.34552
-0.829926 -1.38321 -3.02811 -0.194519 0.0496216 0.984741 0.0643921 -0.208923 0.345276
-0.747681 -0.254211 -2.03369 -0.203003 0.0414429 0.979553 0.0487061 -0.187805 0.320007
-0.254211 0.72525 -2.258 -0.202332 0.041748 0.980652 0.0463257 -0.182739 0.326111
-0.179443 3.14026 -3.06549 -0.213989 0.0384521 1.00317 0.0527954 -0.189819 0.332275
-0.0523376 2.22061 -3.56644 -0.211792 0.0481567 1.01251 0.0733643 -0.196045 0.31012
-0.314026 0.0523376 -3.46176 -0.214172 0.052063 0.992981 0.0630493 -0.178162 0.373169
-0.224304 -0.620575 -2.22061 -0.21405 0.0388794 0.990479 0.0484619 -0.190125 0.30072
0.545807 -0.568237 -3.54401 -0.203735 0.0505981 0.980347 0.0687256 -0.186584 0.333923
0.381317 1.79443 -3.11783 -0.208801 0.032959 0.97699 0.0722046 -0.200317 0.320862
1.47293 1.24115 -4.66553 -0.202576 0.0300293 0.971252 0.0686035 -0.190613 0.316589
1.15891 0.844879 -5.59265 -0.199524 0.0401001 0.937256 0.0517578 -0.171143 0.366882
2.2879 4.98703 -5.39078 -0.208801 0.0274658 0.935913 0.0557251 -0.212097 0.300598
